2059 2023-10-24 5 10
2303 2023-07-27 5 10
6061 2023-07-10 5 10
1676 2023-11-18 5 10
4240 2023-10-04 5 10
6205 2023-09-08 5 10
4926 2023-10-14 5 10
4999 2023-10-08 5 10
6307 2023-07-20 5 10
1728 2023-09-04 5 10
6136 2023-12-17 5 10
73 2023-08-13 5 10
4408 2023-07-11 5 10
3578 2023-03-08 5 10
4013 2023-08-08 5 10
6200 2023-08-23 5 10
5650 2023-08-01 5 10
1294 2023-11-19 5 10
295 2023-08-22 5 10
5652 2023-11-30 5 10
1770 2023-07-27 5 10
5958 2023-02-27 5 10
6225 2023-10-22 5 10
5607 2023-02-23 5 10
4429 2023-03-10 5 10
3301 2023-10-09 5 10
6098 2023-05-13 5 10
6682 2023-01-13 5 10
4715 2023-05-11 5 10
1094 2023-06-18 5 10
3539 2023-10-24 5 10
#